0 0.159668 0.348448 0.030273 0.025327
0 0.798340 0.375817 0.041992 0.034314
0 0.842285 0.546977 0.061523 0.051471
0 0.658691 0.828023 0.028320 0.023693
0 0.625000 0.133170 0.054688 0.045752
0 0.544922 0.856209 0.054688 0.045752
1 0.740234 0.791258 0.287109 0.244281
0 0.791992 0.538807 0.039062 0.033497
0 0.428711 0.672794 0.037109 0.031863
0 0.270020 0.762663 0.014648 0.012255
0 0.446777 0.762663 0.045898 0.038399
0 0.410645 0.688317 0.047852 0.040033
1 0.739258 0.450163 0.287109 0.243464
0 0.461426 0.792075 0.030273 0.025327
