0 0.369629 0.631536 0.063477 0.053922
0 0.155762 0.439951 0.045898 0.038399
0 0.402344 0.024510 0.048828 0.040850
0 0.365723 0.207108 0.047852 0.040033
0 0.862793 0.174837 0.059570 0.049020
0 0.274902 0.884395 0.061523 0.051471
0 0.796387 0.785948 0.045898 0.037582
0 0.058105 0.955474 0.059570 0.049837
0 0.807617 0.307598 0.039062 0.033497
1 0.898438 0.531863 0.117188 0.098039
1 0.935547 0.133170 0.128906 0.107843
0 0.041504 0.438317 0.036133 0.030229
0 0.642578 0.583742 0.019531 0.015523
0 0.372070 0.567810 0.013672 0.011438
0 0.042480 0.486520 0.045898 0.038399
0 0.959961 0.010212 0.039062 0.020425
0 0.905762 0.914216 0.032227 0.027778
