0 0.625977 0.403595 0.056641 0.047386
0 0.694824 0.745915 0.061523 0.050654
0 0.676758 0.099673 0.044922 0.037582
0 0.146484 0.524101 0.035156 0.030229
0 0.324219 0.581291 0.039062 0.031863
0 0.067383 0.549837 0.035156 0.029412
0 0.218750 0.632353 0.027344 0.021242
0 0.217773 0.428922 0.035156 0.029412
1 0.723145 0.871732 0.135742 0.114379
0 0.326172 0.799020 0.031250 0.026144
0 0.659180 0.453023 0.029297 0.025327
0 0.779785 0.576389 0.038086 0.031863
0 0.185059 0.568219 0.098633 0.082516
0 0.352539 0.452614 0.023438 0.019608
1 0.185059 0.569036 0.094727 0.079248
0 0.277832 0.568219 0.016602 0.013889
