0 0.472168 0.404820 0.047852 0.040033
0 0.772949 0.373774 0.051758 0.043301
0 0.558105 0.599673 0.053711 0.044118
0 0.749023 0.258987 0.056641 0.047386
0 0.668457 0.591503 0.045898 0.039216
0 0.378418 0.079248 0.038086 0.032680
0 0.594727 0.156454 0.058594 0.048203
0 0.899414 0.275735 0.048828 0.040033
1 0.515625 0.200980 0.130859 0.109477
0 0.412598 0.815768 0.028320 0.023693
0 0.735840 0.504085 0.077148 0.063725
0 0.818848 0.397467 0.032227 0.026961
0 0.781738 0.015931 0.034180 0.028595
0 0.490723 0.862337 0.057617 0.046569
0 0.820312 0.066585 0.064453 0.053105
0 0.711426 0.285948 0.036133 0.031046
0 0.365723 0.766748 0.016602 0.013889
1 0.120605 0.395016 0.034180 0.028595
0 0.469238 0.143382 0.030273 0.025327
