0 0.735352 0.752042 0.041016 0.033497
0 0.898438 0.270425 0.037109 0.031046
0 0.781738 0.714052 0.043945 0.037582
0 0.850098 0.873366 0.051758 0.042484
0 0.875000 0.787990 0.054688 0.046569
0 0.561523 0.219771 0.056641 0.047386
0 0.500000 0.199346 0.039062 0.032680
0 0.022949 0.306781 0.040039 0.033497
0 0.806152 0.205474 0.053711 0.044935
1 0.909180 0.145016 0.179688 0.149510
0 0.484863 0.942810 0.043945 0.037582
0 0.404297 0.965686 0.017578 0.014706
0 0.549805 0.700980 0.017578 0.014706
0 0.874512 0.943219 0.020508 0.017157
1 0.915039 0.563725 0.166016 0.140523
