0 0.560547 0.389297 0.050781 0.041667
0 0.336426 0.780637 0.053711 0.044935
0 0.438965 0.158905 0.043945 0.036765
0 0.305176 0.962418 0.049805 0.042484
0 0.130859 0.211193 0.039062 0.031863
0 0.174805 0.025327 0.060547 0.049020
0 0.806641 0.904003 0.064453 0.054739
0 0.425781 0.407680 0.042969 0.035948
1 0.887695 0.875000 0.208984 0.178105
0 0.901855 0.372549 0.051758 0.042484
0 0.901855 0.725082 0.041992 0.035131
1 0.882324 0.340686 0.129883 0.107843
0 0.360352 0.395016 0.039062 0.031863
0 0.191895 0.596405 0.038086 0.032680
0 0.394531 0.352533 0.046875 0.040033
