0 0.620605 0.722222 0.032227 0.026144
0 0.692871 0.690768 0.034180 0.030229
0 0.773438 0.793709 0.027344 0.023693
0 0.307617 0.975082 0.031250 0.026961
0 0.877441 0.738154 0.038086 0.031863
0 0.755371 0.591912 0.038086 0.031863
0 0.896484 0.954657 0.035156 0.028595
0 0.642578 0.155229 0.027344 0.022876
1 0.341309 0.150735 0.186523 0.156046
0 0.517578 0.582108 0.025391 0.020425
1 0.355957 0.540850 0.145508 0.120915
0 0.559570 0.648693 0.033203 0.027778
1 0.731934 0.732435 0.094727 0.079248
0 0.545410 0.642157 0.034180 0.027778
