0 0.227051 0.785131 0.061523 0.050654
0 0.910156 0.887663 0.037109 0.030229
0 0.641113 0.826797 0.020508 0.016340
0 0.408691 0.316176 0.038086 0.031046
0 0.213379 0.169935 0.047852 0.039216
0 0.675293 0.084967 0.026367 0.022876
0 0.494141 0.112745 0.029297 0.024510
0 0.032227 0.759395 0.041016 0.035131
1 0.473145 0.151144 0.165039 0.138889
0 0.397949 0.586193 0.047852 0.040033
0 0.233887 0.180556 0.040039 0.032680
1 0.517090 0.580474 0.250977 0.209967
0 0.859863 0.140114 0.022461 0.017157
0 0.019531 0.672386 0.027344 0.022876
