0 0.064941 0.566585 0.030273 0.025327
0 0.444336 0.594771 0.039062 0.032680
0 0.332520 0.788399 0.063477 0.053922
1 0.807617 0.501225 0.189453 0.159314
0 0.609375 0.198938 0.015625 0.012255
0 0.471680 0.215278 0.017578 0.013889
0 0.068848 0.057598 0.045898 0.038399
0 0.250000 0.700163 0.023438 0.019608
0 0.248535 0.753268 0.020508 0.017974
0 0.783691 0.757353 0.086914 0.073529
0 0.557129 0.818627 0.028320 0.022876
0 0.821289 0.579248 0.031250 0.026144
0 0.761719 0.011846 0.033203 0.023693
1 0.821777 0.053513 0.225586 0.107026
