0 0.165039 0.450163 0.060547 0.050654
0 0.510742 0.489379 0.044922 0.039216
0 0.204590 0.298611 0.026367 0.022059
0 0.125488 0.600082 0.055664 0.046569
0 0.785645 0.850082 0.065430 0.054739
0 0.340332 0.253268 0.040039 0.032680
0 0.465820 0.359477 0.072266 0.060458
0 0.596680 0.586601 0.033203 0.027778
0 0.835938 0.546160 0.042969 0.036765
0 0.054199 0.460784 0.038086 0.032680
1 0.423828 0.217320 0.287109 0.238562
1 0.459961 0.687908 0.224609 0.187909
0 0.695312 0.912582 0.015625 0.011438
0 0.809570 0.069444 0.033203 0.027778
