0 0.203613 0.840278 0.043945 0.036765
0 0.078125 0.854575 0.062500 0.053922
0 0.563965 0.313317 0.069336 0.056373
0 0.898438 0.391340 0.072266 0.060458
0 0.452148 0.615605 0.041016 0.035131
1 0.222168 0.180964 0.196289 0.164216
0 0.843750 0.383578 0.027344 0.023693
0 0.893066 0.280229 0.022461 0.019608
0 0.481445 0.383987 0.013672 0.011438
0 0.847168 0.979575 0.051758 0.040850
0 0.625977 0.562092 0.041016 0.034314
0 0.940918 0.170752 0.040039 0.032680
0 0.286621 0.624183 0.057617 0.047386
1 0.216797 0.567810 0.314453 0.267974
0 0.448242 0.221814 0.027344 0.022059
0 0.956055 0.975082 0.064453 0.048203
