0 0.453613 0.750817 0.040039 0.032680
0 0.340820 0.944853 0.062500 0.053105
0 0.072754 0.723856 0.030273 0.026144
0 0.078613 0.209559 0.045898 0.038399
0 0.481934 0.368873 0.018555 0.015523
0 0.025391 0.064134 0.044922 0.036765
1 0.818359 0.656863 0.207031 0.173203
0 0.257812 0.856209 0.023438 0.019608
0 0.620117 0.350082 0.013672 0.012255
0 0.772461 0.159314 0.037109 0.031046
1 0.832031 0.157271 0.253906 0.214869
0 0.498535 0.276144 0.012695 0.009804
0 0.012207 0.406046 0.024414 0.019608
0 0.831055 0.728758 0.031250 0.026144
