1 0.369141 0.123775 0.156250 0.129902
0 0.247559 0.766748 0.034180 0.028595
0 0.515625 0.258578 0.042969 0.036765
0 0.965820 0.594771 0.037109 0.031046
0 0.858398 0.787990 0.068359 0.058007
0 0.250488 0.488562 0.079102 0.066993
0 0.588867 0.572304 0.029297 0.025327
0 0.297363 0.312091 0.028320 0.024510
0 0.401855 0.037990 0.024414 0.020425
1 0.402344 0.626225 0.164062 0.136438
0 0.389160 0.835784 0.034180 0.029412
0 0.529785 0.445670 0.030273 0.025327
0 0.581055 0.062092 0.044922 0.037582
0 0.771973 0.701797 0.028320 0.022876
