0 0.279297 0.869690 0.056641 0.046569
0 0.399902 0.756944 0.075195 0.064542
0 0.032715 0.257353 0.030273 0.026144
0 0.682617 0.149918 0.070312 0.058007
1 0.077148 0.321895 0.150391 0.124183
0 0.580078 0.589461 0.025391 0.022059
0 0.753906 0.703023 0.039062 0.033497
0 0.601074 0.774101 0.040039 0.033497
1 0.898438 0.716912 0.197266 0.169118
0 0.297363 0.920343 0.024414 0.020425
0 0.375000 0.710376 0.039062 0.031863
0 0.913086 0.167484 0.056641 0.047386
0 0.645020 0.407271 0.034180 0.028595
0 0.352051 0.184232 0.034180 0.028595
0 0.822754 0.710376 0.055664 0.046569
0 0.841309 0.791258 0.055664 0.046569
