0 0.167480 0.452614 0.049805 0.040850
0 0.111328 0.760621 0.046875 0.039216
0 0.750488 0.799837 0.057617 0.047386
0 0.905762 0.328840 0.036133 0.030229
0 0.108887 0.897876 0.041992 0.035948
0 0.270508 0.509395 0.029297 0.025327
0 0.064453 0.885621 0.066406 0.055556
0 0.061035 0.379085 0.034180 0.029412
0 0.552734 0.776552 0.039062 0.033497
0 0.716309 0.185458 0.045898 0.037582
0 0.368652 0.578840 0.043945 0.036765
0 0.346191 0.682598 0.040039 0.033497
1 0.958984 0.163807 0.078125 0.066176
0 0.973145 0.122958 0.028320 0.023693
0 0.901855 0.254085 0.012695 0.011438
0 0.056641 0.533905 0.035156 0.028595
0 0.730469 0.194444 0.046875 0.039216
0 0.159668 0.718546 0.032227 0.026961
0 0.374023 0.705474 0.015625 0.012255
