0 0.292480 0.243464 0.043945 0.035948
1 0.464844 0.882761 0.177734 0.147876
0 0.329102 0.160131 0.025391 0.021242
0 0.404297 0.822712 0.029297 0.024510
0 0.407227 0.214052 0.050781 0.042484
0 0.432129 0.095997 0.016602 0.013889
0 0.183105 0.585376 0.045898 0.038399
0 0.738770 0.491422 0.034180 0.028595
0 0.558105 0.224673 0.049805 0.042484
0 0.695312 0.508987 0.011719 0.009804
0 0.219238 0.670343 0.049805 0.041667
0 0.667480 0.475490 0.014648 0.013072
0 0.211914 0.988971 0.037109 0.022059
0 0.375000 0.299020 0.015625 0.013072
0 0.643555 0.490605 0.027344 0.023693
1 0.460449 0.295343 0.163086 0.134804
0 0.407715 0.087827 0.022461 0.018791
0 0.698242 0.693219 0.031250 0.026961
