0 0.245117 0.659314 0.048828 0.040850
0 0.118652 0.765114 0.051758 0.041667
0 0.819824 0.275327 0.043945 0.035948
0 0.084961 0.653595 0.056641 0.047386
0 0.227051 0.205065 0.069336 0.057190
0 0.907715 0.620915 0.032227 0.026144
0 0.149902 0.459559 0.059570 0.049837
0 0.791504 0.476307 0.032227 0.027778
1 0.769531 0.088644 0.125000 0.103758
0 0.092285 0.893791 0.073242 0.060458
0 0.169434 0.784722 0.032227 0.026961
0 0.036621 0.973448 0.045898 0.036765
0 0.874023 0.333333 0.029297 0.024510
0 0.670898 0.345180 0.042969 0.035131
0 0.499512 0.145016 0.016602 0.013889
