0 0.531250 0.483660 0.039062 0.032680
0 0.322266 0.489379 0.078125 0.063725
0 0.930176 0.334559 0.026367 0.022059
0 0.790039 0.764706 0.082031 0.068627
0 0.513672 0.932598 0.054688 0.044935
0 0.253906 0.667075 0.023438 0.020425
0 0.226562 0.618056 0.054688 0.044935
0 0.469727 0.299837 0.025391 0.021242
0 0.777344 0.468954 0.054688 0.045752
0 0.289062 0.449346 0.037109 0.031046
0 0.074707 0.832925 0.040039 0.033497
0 0.666992 0.388072 0.039062 0.032680
0 0.831543 0.903186 0.206055 0.170752
0 0.909668 0.475082 0.028320 0.023693
0 0.739746 0.386438 0.051758 0.042484
