0 0.158203 0.944444 0.052734 0.044118
0 0.555664 0.547386 0.025391 0.021242
0 0.860840 0.699755 0.030273 0.025327
1 0.872559 0.660948 0.071289 0.058824
0 0.865723 0.870915 0.045898 0.039216
0 0.537109 0.303105 0.021484 0.016340
0 0.942871 0.618056 0.018555 0.015523
0 0.014648 0.538399 0.021484 0.017974
0 0.597656 0.704657 0.017578 0.015523
0 0.467773 0.470588 0.015625 0.013072
1 0.900391 0.312500 0.191406 0.159314
0 0.194824 0.575980 0.038086 0.031046
0 0.280273 0.588235 0.052734 0.044118
0 0.812988 0.283497 0.020508 0.017974
