0 0.454102 0.751634 0.039062 0.032680
0 0.340332 0.945261 0.063477 0.053922
0 0.072754 0.723856 0.032227 0.026144
0 0.078613 0.210376 0.045898 0.038399
0 0.025391 0.064951 0.044922 0.036765
0 0.481934 0.369281 0.018555 0.016340
0 0.620117 0.350899 0.015625 0.012255
0 0.258789 0.857026 0.023438 0.017974
1 0.817871 0.655229 0.231445 0.194444
0 0.831055 0.728758 0.033203 0.027778
0 0.773438 0.160539 0.035156 0.028595
0 0.012207 0.407271 0.024414 0.020425
1 0.831055 0.159314 0.259766 0.217320
0 0.256348 0.910948 0.022461 0.017974
