0 0.483887 0.921977 0.041992 0.035131
0 0.546387 0.935866 0.049805 0.041667
0 0.189453 0.557598 0.033203 0.028595
0 0.063965 0.163399 0.041992 0.034314
0 0.793457 0.910948 0.055664 0.045752
0 0.544922 0.383170 0.029297 0.024510
0 0.215332 0.429739 0.047852 0.039216
1 0.898438 0.866013 0.201172 0.169935
0 0.575684 0.416667 0.038086 0.031046
0 0.842285 0.542484 0.028320 0.022876
0 0.098145 0.386846 0.047852 0.040033
0 0.889160 0.976716 0.038086 0.031863
0 0.796387 0.246324 0.014648 0.012255
1 0.941406 0.359886 0.115234 0.097222
0 0.634766 0.478758 0.021484 0.017974
0 0.695801 0.138480 0.016602 0.013889
0 0.271973 0.359886 0.012695 0.010621
0 0.570312 0.646650 0.017578 0.013889
