1 0.383789 0.276552 0.160156 0.133170
0 0.528320 0.411356 0.046875 0.038399
0 0.258301 0.918709 0.032227 0.026961
0 0.601562 0.727124 0.029297 0.024510
0 0.870605 0.942402 0.067383 0.056373
0 0.308594 0.462418 0.027344 0.022876
0 0.535156 0.068219 0.056641 0.046569
0 0.414551 0.188317 0.024414 0.020425
0 0.978516 0.748366 0.035156 0.029412
0 0.164551 0.161765 0.030273 0.024510
0 0.785156 0.854575 0.029297 0.024510
1 0.414062 0.781046 0.228516 0.192810
0 0.594727 0.213644 0.048828 0.041667
0 0.261719 0.639297 0.082031 0.067810
