0 0.864258 0.549837 0.054688 0.044118
0 0.935547 0.316993 0.033203 0.027778
0 0.770020 0.162990 0.041992 0.035131
0 0.363770 0.211601 0.036133 0.029412
0 0.630371 0.312091 0.045898 0.039216
0 0.963867 0.919526 0.033203 0.026961
0 0.386719 0.478758 0.062500 0.052288
0 0.532227 0.645425 0.050781 0.042484
0 0.850586 0.383578 0.035156 0.028595
0 0.696289 0.063725 0.021484 0.017974
0 0.369629 0.186683 0.030273 0.025327
0 0.828613 0.438317 0.049805 0.041667
1 0.452637 0.173203 0.290039 0.243464
0 0.836426 0.505310 0.036133 0.030229
0 0.372070 0.698529 0.037109 0.031046
0 0.173340 0.125817 0.018555 0.016340
0 0.827148 0.482843 0.031250 0.026144
0 0.680176 0.783497 0.024414 0.021242
0 0.392090 0.373366 0.022461 0.019608
0 0.438477 0.452614 0.031250 0.026144
1 0.410645 0.622141 0.305664 0.262255
0 0.870605 0.150735 0.014648 0.012255
0 0.952637 0.719771 0.034180 0.029412
