0 0.101074 0.820261 0.051758 0.042484
0 0.211426 0.796977 0.043945 0.036765
0 0.232910 0.124591 0.041992 0.035131
0 0.580078 0.388480 0.062500 0.053105
0 0.105957 0.118873 0.065430 0.054739
0 0.259277 0.950163 0.057617 0.047386
0 0.106934 0.531454 0.047852 0.041667
1 0.319824 0.338644 0.219727 0.182190
0 0.881836 0.272059 0.050781 0.042484
0 0.705078 0.289624 0.023438 0.018791
0 0.847168 0.503676 0.045898 0.038399
0 0.854004 0.750000 0.041992 0.035948
0 0.355469 0.922386 0.035156 0.029412
0 0.877930 0.642974 0.033203 0.027778
0 0.198242 0.350899 0.025391 0.022059
0 0.543457 0.569444 0.040039 0.032680
0 0.638672 0.948121 0.044922 0.036765
0 0.434570 0.956291 0.033203 0.026961
0 0.980469 0.721814 0.037109 0.031863
