0 0.552246 0.832925 0.067383 0.056373
1 0.893555 0.896650 0.208984 0.177288
0 0.861328 0.229575 0.027344 0.022876
0 0.790039 0.832925 0.072266 0.061275
0 0.041016 0.265523 0.017578 0.014706
1 0.061523 0.034722 0.085938 0.069444
0 0.230957 0.160539 0.030273 0.025327
0 0.169922 0.354167 0.039062 0.031863
0 0.968262 0.417892 0.028320 0.023693
0 0.973145 0.483252 0.053711 0.043301
0 0.290527 0.693219 0.030273 0.025327
0 0.152344 0.406454 0.050781 0.043301
0 0.217773 0.890523 0.031250 0.024510
0 0.833984 0.386438 0.044922 0.037582
