0 0.710938 0.585376 0.033203 0.026961
0 0.379883 0.363154 0.054688 0.046569
0 0.060547 0.394608 0.033203 0.027778
0 0.547363 0.697712 0.032227 0.026144
0 0.735840 0.456699 0.047852 0.039216
0 0.484375 0.022876 0.027344 0.022876
0 0.246582 0.725082 0.036133 0.030229
0 0.083496 0.302696 0.028320 0.023693
0 0.574219 0.191176 0.039062 0.034314
1 0.500000 0.374591 0.230469 0.193627
0 0.471191 0.742239 0.026367 0.022059
0 0.268555 0.796977 0.039062 0.033497
0 0.615723 0.415033 0.043945 0.035948
0 0.561035 0.072712 0.045898 0.037582
0 0.500488 0.712418 0.034180 0.029412
