1 0.382812 0.276144 0.160156 0.132353
0 0.527832 0.409722 0.045898 0.038399
0 0.257812 0.918709 0.031250 0.026961
0 0.869141 0.940359 0.066406 0.057190
0 0.414551 0.187500 0.024414 0.020425
0 0.601562 0.725490 0.029297 0.024510
0 0.535156 0.066993 0.056641 0.047386
0 0.308594 0.462010 0.027344 0.023693
0 0.164551 0.160539 0.030273 0.025327
0 0.978516 0.747141 0.035156 0.030229
0 0.594727 0.212010 0.044922 0.036765
0 0.261719 0.638889 0.082031 0.068627
1 0.413086 0.779412 0.230469 0.192810
0 0.784668 0.854167 0.028320 0.023693
0 0.543457 0.598039 0.028320 0.022876
