0 0.252930 0.578840 0.060547 0.049837
0 0.703613 0.873366 0.057617 0.047386
0 0.809570 0.072304 0.068359 0.056373
0 0.135742 0.480392 0.050781 0.042484
0 0.374512 0.580474 0.045898 0.038399
0 0.062500 0.670343 0.046875 0.038399
0 0.656738 0.371324 0.041992 0.035131
0 0.325195 0.804739 0.025391 0.021242
0 0.717773 0.136438 0.013672 0.011438
1 0.435547 0.301062 0.291016 0.250817
0 0.223633 0.980392 0.052734 0.039216
0 0.839355 0.330474 0.045898 0.036765
1 0.444824 0.804739 0.288086 0.243464
0 0.833984 0.781046 0.021484 0.017974
0 0.488770 0.933007 0.026367 0.022876
