0 0.213379 0.896650 0.041992 0.035131
0 0.055176 0.356209 0.030273 0.024510
0 0.897461 0.963235 0.033203 0.027778
0 0.145020 0.792075 0.024414 0.020425
0 0.384766 0.141340 0.062500 0.052288
0 0.205078 0.546160 0.023438 0.018791
0 0.620605 0.933415 0.053711 0.044935
0 0.610840 0.183007 0.022461 0.017974
0 0.298828 0.104167 0.019531 0.015523
0 0.302734 0.054330 0.023438 0.018791
0 0.294922 0.344771 0.056641 0.047386
1 0.851562 0.223039 0.281250 0.235294
0 0.867676 0.142974 0.071289 0.058824
0 0.794434 0.261029 0.022461 0.018791
