0 0.714355 0.132761 0.047852 0.040033
0 0.807129 0.035948 0.055664 0.047386
0 0.163086 0.863154 0.054688 0.046569
0 0.133301 0.358660 0.038086 0.032680
0 0.687500 0.252451 0.066406 0.055556
0 0.282227 0.061683 0.068359 0.056373
0 0.585938 0.772059 0.056641 0.047386
0 0.612793 0.176062 0.069336 0.058007
0 0.473145 0.763072 0.047852 0.040850
1 0.883301 0.261846 0.223633 0.188725
0 0.295898 0.772467 0.023438 0.018791
1 0.904785 0.705065 0.153320 0.127451
0 0.618164 0.063725 0.025391 0.021242
0 0.557129 0.151552 0.053711 0.044935
0 0.191406 0.125409 0.013672 0.010621
