0 0.573730 0.457925 0.047852 0.040033
0 0.338379 0.557598 0.053711 0.044935
0 0.248047 0.169526 0.042969 0.035131
0 0.100586 0.316176 0.048828 0.040850
0 0.425781 0.929739 0.035156 0.029412
0 0.418457 0.325572 0.034180 0.028595
0 0.328613 0.390523 0.032227 0.026144
0 0.934082 0.275735 0.034180 0.028595
0 0.656250 0.227124 0.052734 0.044118
0 0.179199 0.069036 0.022461 0.018791
0 0.535156 0.884395 0.041016 0.033497
0 0.299316 0.489788 0.034180 0.028595
0 0.465332 0.626634 0.012695 0.011438
1 0.896484 0.440768 0.205078 0.170752
0 0.549316 0.918709 0.016602 0.015523
0 0.350098 0.696895 0.020508 0.016340
0 0.424805 0.728758 0.035156 0.029412
0 0.302246 0.445261 0.053711 0.044118
0 0.309570 0.513480 0.027344 0.023693
0 0.122070 0.701797 0.027344 0.022876
