0 0.383301 0.430556 0.043945 0.037582
0 0.501953 0.410131 0.052734 0.044118
0 0.430176 0.351307 0.026367 0.021242
0 0.650879 0.431781 0.051758 0.043301
0 0.539551 0.292484 0.016602 0.013072
0 0.232910 0.763889 0.041992 0.034314
1 0.560059 0.060866 0.069336 0.058007
0 0.726562 0.184641 0.029297 0.024510
0 0.260254 0.854575 0.051758 0.042484
0 0.754395 0.729167 0.012695 0.010621
0 0.800293 0.715686 0.032227 0.026144
0 0.665527 0.378676 0.036133 0.030229
0 0.516602 0.285948 0.029297 0.024510
0 0.733887 0.913399 0.032227 0.026144
1 0.546387 0.497958 0.145508 0.120098
