0 0.930176 0.593546 0.053711 0.044935
0 0.247559 0.832925 0.053711 0.046569
0 0.397461 0.714052 0.042969 0.035948
0 0.181152 0.053922 0.053711 0.045752
0 0.530762 0.249183 0.032227 0.027778
0 0.866699 0.042484 0.028320 0.024510
0 0.080078 0.418301 0.035156 0.029412
0 0.868652 0.582108 0.040039 0.033497
0 0.380371 0.375409 0.032227 0.026961
1 0.297363 0.072304 0.215820 0.142974
0 0.918945 0.305556 0.019531 0.016340
0 0.419434 0.087418 0.043945 0.035948
0 0.395508 0.906046 0.031250 0.026144
0 0.306641 0.423611 0.021484 0.018791
0 0.334473 0.392565 0.038086 0.031863
0 0.237793 0.812500 0.034180 0.028595
0 0.897461 0.076797 0.025391 0.022876
0 0.961426 0.135621 0.020508 0.017974
0 0.657715 0.680556 0.016602 0.013072
0 0.109863 0.490605 0.040039 0.033497
0 0.543457 0.119690 0.045898 0.038399
