0 0.731445 0.882761 0.060547 0.051471
0 0.676758 0.242647 0.044922 0.037582
0 0.174316 0.687092 0.034180 0.029412
0 0.645508 0.548611 0.056641 0.046569
0 0.354492 0.738154 0.039062 0.031863
0 0.097656 0.718137 0.035156 0.029412
0 0.251953 0.792484 0.027344 0.022876
0 0.128906 0.150327 0.027344 0.022876
0 0.240723 0.589461 0.038086 0.031863
1 0.791016 0.575980 0.269531 0.228758
1 0.215820 0.728758 0.095703 0.081699
0 0.806152 0.709559 0.038086 0.031863
0 0.375977 0.608252 0.025391 0.020425
0 0.368652 0.955474 0.030273 0.025327
0 0.681641 0.593546 0.025391 0.022059
0 0.772949 0.119281 0.036133 0.029412
1 0.791016 0.037990 0.154297 0.074346
0 0.039551 0.642974 0.036133 0.031046
1 0.768555 0.979167 0.117188 0.041667
