0 0.461426 0.380719 0.055664 0.045752
0 0.699219 0.940359 0.060547 0.050654
0 0.216797 0.633578 0.042969 0.036765
0 0.277344 0.633578 0.070312 0.058007
0 0.285645 0.302288 0.077148 0.063725
0 0.386230 0.499183 0.067383 0.055556
1 0.481445 0.291258 0.111328 0.093954
0 0.723145 0.573121 0.041992 0.035131
0 0.488770 0.404003 0.026367 0.022059
0 0.360840 0.298611 0.032227 0.026961
0 0.541016 0.538399 0.027344 0.022876
0 0.672363 0.437500 0.038086 0.033497
0 0.355469 0.690359 0.033203 0.027778
0 0.437988 0.914624 0.028320 0.023693
1 0.398438 0.860703 0.294922 0.250817
