1 0.383301 0.276144 0.161133 0.133987
0 0.528809 0.410539 0.045898 0.038399
0 0.258301 0.918709 0.032227 0.026961
0 0.308594 0.462418 0.027344 0.022876
0 0.601562 0.726716 0.029297 0.023693
0 0.870117 0.941993 0.068359 0.057190
0 0.414551 0.188317 0.024414 0.020425
0 0.535156 0.067402 0.056641 0.046569
0 0.164551 0.161356 0.030273 0.025327
0 0.978516 0.747958 0.035156 0.028595
0 0.262695 0.638889 0.080078 0.066993
0 0.595215 0.212827 0.047852 0.040033
1 0.413574 0.780229 0.223633 0.186275
0 0.785645 0.854575 0.028320 0.024510
