0 0.424805 0.514297 0.048828 0.040033
0 0.543945 0.208333 0.046875 0.039216
0 0.296875 0.542484 0.041016 0.034314
0 0.319824 0.575572 0.047852 0.040033
0 0.354492 0.804739 0.056641 0.047386
0 0.312012 0.302696 0.069336 0.056373
0 0.638184 0.279003 0.032227 0.026961
0 0.354004 0.633987 0.073242 0.062092
0 0.448242 0.118056 0.037109 0.030229
0 0.156738 0.108660 0.065430 0.053922
0 0.139160 0.756944 0.040039 0.033497
0 0.874023 0.586601 0.042969 0.035948
0 0.727051 0.360294 0.045898 0.037582
0 0.681641 0.464869 0.039062 0.032680
0 0.426758 0.474673 0.037109 0.031046
0 0.791992 0.898284 0.037109 0.030229
0 0.265137 0.806373 0.067383 0.055556
0 0.413574 0.277369 0.036133 0.030229
0 0.396484 0.653186 0.042969 0.036765
0 0.442383 0.050654 0.033203 0.027778
0 0.386719 0.328840 0.017578 0.013889
0 0.482422 0.478350 0.031250 0.025327
0 0.613770 0.200572 0.045898 0.038399
