0 0.749512 0.542892 0.053711 0.044935
0 0.561523 0.789216 0.048828 0.040850
0 0.785156 0.964052 0.062500 0.052288
0 0.772949 0.359477 0.051758 0.042484
0 0.085449 0.037173 0.051758 0.043301
0 0.239258 0.196078 0.064453 0.052288
0 0.264160 0.439542 0.075195 0.062092
0 0.337402 0.166258 0.030273 0.025327
0 0.197266 0.031046 0.042969 0.035948
0 0.622070 0.180556 0.037109 0.031046
0 0.306641 0.299837 0.060547 0.050654
0 0.443848 0.793301 0.034180 0.027778
0 0.416504 0.192810 0.032227 0.027778
0 0.375977 0.802288 0.119141 0.096405
