1 0.703125 0.582925 0.091797 0.075980
0 0.590332 0.564951 0.032227 0.026961
0 0.664062 0.537173 0.037109 0.030229
0 0.846191 0.592320 0.038086 0.032680
0 0.738770 0.644608 0.024414 0.021242
0 0.375000 0.865605 0.025391 0.020425
0 0.261230 0.804739 0.032227 0.026144
0 0.853027 0.809232 0.034180 0.028595
0 0.532227 0.488562 0.035156 0.029412
0 0.732910 0.440768 0.041992 0.035131
1 0.332520 0.368873 0.127930 0.107026
0 0.343750 0.018791 0.085938 0.037582
0 0.495117 0.421160 0.023438 0.020425
0 0.243164 0.274510 0.027344 0.021242
