0 0.920410 0.758578 0.043945 0.036765
0 0.040039 0.587010 0.048828 0.041667
0 0.242676 0.362745 0.053711 0.044118
0 0.375000 0.265114 0.046875 0.038399
0 0.216797 0.247141 0.056641 0.048203
0 0.073730 0.142974 0.055664 0.045752
0 0.144531 0.578840 0.044922 0.036765
0 0.292969 0.055556 0.058594 0.049020
0 0.207520 0.493056 0.075195 0.062909
1 0.915039 0.167075 0.169922 0.142974
0 0.932129 0.114379 0.028320 0.024510
1 0.883301 0.647059 0.165039 0.137255
0 0.291992 0.386438 0.035156 0.029412
0 0.228027 0.488562 0.067383 0.060458
0 0.830078 0.190768 0.037109 0.031863
0 0.755859 0.096814 0.017578 0.013889
