0 0.306152 0.442402 0.043945 0.036765
0 0.196289 0.454248 0.050781 0.042484
0 0.221191 0.164624 0.047852 0.040033
0 0.874023 0.787990 0.050781 0.041667
0 0.845703 0.970997 0.054688 0.044935
0 0.362793 0.850082 0.071289 0.059641
0 0.967285 0.168709 0.043945 0.036765
0 0.706055 0.036765 0.068359 0.057190
0 0.342285 0.602533 0.061523 0.051471
0 0.656738 0.223448 0.036133 0.030229
0 0.729492 0.607843 0.042969 0.035948
0 0.442871 0.576389 0.034180 0.028595
0 0.956055 0.417075 0.037109 0.031863
0 0.488281 0.114379 0.027344 0.022876
1 0.455566 0.353758 0.125977 0.104575
0 0.407715 0.711193 0.061523 0.051471
0 0.521973 0.610703 0.034180 0.028595
0 0.895508 0.404003 0.029297 0.025327
0 0.924805 0.365196 0.035156 0.029412
