0 0.453613 0.755310 0.040039 0.033497
0 0.072266 0.727941 0.031250 0.026144
0 0.338867 0.948938 0.066406 0.056373
0 0.077637 0.214461 0.045898 0.038399
0 0.025391 0.069036 0.042969 0.036765
0 0.481445 0.372549 0.019531 0.016340
0 0.257324 0.859886 0.024414 0.020425
1 0.816895 0.659314 0.219727 0.184641
0 0.619141 0.354575 0.015625 0.013072
0 0.772949 0.164624 0.034180 0.028595
0 0.255859 0.914216 0.023438 0.019608
0 0.012207 0.410948 0.022461 0.019608
1 0.832031 0.162990 0.240234 0.201797
0 0.830078 0.733660 0.029297 0.024510
0 0.791016 0.913399 0.082031 0.068627
