1 0.382324 0.279412 0.157227 0.129085
0 0.527344 0.413399 0.044922 0.037582
0 0.600586 0.728758 0.029297 0.024510
0 0.869629 0.944853 0.065430 0.054739
0 0.256348 0.920343 0.034180 0.028595
0 0.534668 0.070670 0.053711 0.044935
0 0.308594 0.464869 0.027344 0.022876
0 0.977051 0.751225 0.036133 0.030229
0 0.593750 0.216503 0.046875 0.039216
0 0.414062 0.191176 0.023438 0.019608
0 0.164551 0.164216 0.030273 0.024510
1 0.412109 0.782271 0.224609 0.187091
0 0.261230 0.642157 0.079102 0.066993
0 0.783203 0.857026 0.027344 0.022876
