0 0.319824 0.685049 0.055664 0.046569
1 0.831055 0.244281 0.177734 0.148693
0 0.403320 0.844363 0.029297 0.025327
0 0.796387 0.123775 0.057617 0.048203
1 0.757812 0.647876 0.232422 0.194444
0 0.416504 0.765523 0.040039 0.034314
0 0.206055 0.311683 0.023438 0.020425
0 0.676758 0.704657 0.037109 0.031863
0 0.710449 0.743056 0.020508 0.017157
0 0.431152 0.163399 0.028320 0.024510
0 0.386719 0.331699 0.015625 0.013072
0 0.319336 0.005719 0.023438 0.011438
0 0.126953 0.749183 0.023438 0.019608
0 0.306641 0.289624 0.029297 0.025327
0 0.487305 0.810049 0.019531 0.015523
