0 0.774414 0.658905 0.050781 0.041667
0 0.653809 0.765523 0.047852 0.040850
0 0.359863 0.801879 0.041992 0.035131
0 0.521973 0.020833 0.043945 0.035131
0 0.750000 0.205474 0.062500 0.053105
0 0.622070 0.655229 0.054688 0.045752
0 0.161133 0.372549 0.027344 0.022876
1 0.382812 0.606209 0.142578 0.120915
0 0.680664 0.461193 0.064453 0.053105
0 0.458984 0.982843 0.048828 0.034314
0 0.464844 0.553922 0.058594 0.049020
0 0.244629 0.480801 0.036133 0.030229
0 0.625977 0.890523 0.074219 0.062092
0 0.566406 0.975490 0.044922 0.037582
0 0.407715 0.027778 0.038086 0.031046
0 0.646973 0.886029 0.063477 0.053105
0 0.413574 0.075572 0.045898 0.038399
0 0.475098 0.234069 0.057617 0.048203
0 0.446289 0.193219 0.062500 0.051471
