0 0.231445 0.812500 0.054688 0.046569
0 0.915039 0.823529 0.029297 0.022876
0 0.445801 0.247141 0.053711 0.044935
0 0.350586 0.051062 0.050781 0.041667
0 0.554688 0.232843 0.046875 0.039216
0 0.308105 0.469363 0.028320 0.023693
1 0.349609 0.820261 0.251953 0.212418
0 0.412109 0.631127 0.044922 0.036765
0 0.592773 0.886029 0.041016 0.033497
0 0.616211 0.140114 0.072266 0.059641
0 0.946777 0.851307 0.034180 0.029412
0 0.695801 0.030637 0.030273 0.025327
0 0.647949 0.012663 0.047852 0.025327
0 0.469727 0.853758 0.042969 0.035948
0 0.388184 0.515114 0.047852 0.040033
0 0.260254 0.422386 0.016602 0.013072
