0 0.286133 0.129493 0.037109 0.030229
0 0.749023 0.904412 0.042969 0.035948
0 0.898438 0.149918 0.066406 0.056373
0 0.676270 0.801471 0.024414 0.021242
0 0.575195 0.368056 0.027344 0.022059
1 0.429688 0.910539 0.228516 0.178922
0 0.855469 0.887663 0.037109 0.030229
0 0.342773 0.942810 0.033203 0.027778
0 0.920898 0.357026 0.011719 0.009804
0 0.813477 0.063725 0.025391 0.021242
0 0.057129 0.267974 0.034180 0.029412
0 0.732910 0.557598 0.026367 0.022059
0 0.629395 0.256127 0.018555 0.015523
0 0.427734 0.194444 0.025391 0.021242
