0 0.474609 0.332516 0.048828 0.040850
0 0.559082 0.227124 0.055664 0.045752
0 0.462891 0.452206 0.066406 0.056373
0 0.911133 0.591503 0.037109 0.031046
0 0.379883 0.384804 0.066406 0.055556
0 0.037598 0.303513 0.065430 0.054739
0 0.424805 0.973448 0.050781 0.043301
0 0.819824 0.392974 0.016602 0.014706
0 0.313965 0.377859 0.028320 0.023693
0 0.372070 0.274918 0.025391 0.022059
1 0.733887 0.878676 0.149414 0.125000
1 0.613281 0.071078 0.218750 0.142157
0 0.310547 0.973448 0.050781 0.043301
0 0.099609 0.552288 0.039062 0.032680
0 0.430176 0.165033 0.040039 0.032680
0 0.055664 0.007761 0.037109 0.015523
0 0.718750 0.220588 0.046875 0.039216
0 0.677734 0.080882 0.031250 0.026144
